2.082972059724852443e-06 8.212593820644542575e-05 7.636860391357913613e-05 8.952069765655323863e-05 7.604594429722055793e-05 7.115337211871519685e-05 5.342344229575246572e-05 5.870460154255852103e-05 4.658273974200710654e-05 4.749106301460415125e-05
2.996575858560390770e-05 -4.743052180856466293e-03 -2.609880175441503525e-04 2.414020942524075508e-03 3.217836492694914341e-04 3.172548022121191025e-03 -2.740150375757366419e-04 -1.845986698754131794e-03 -2.041316591203212738e-03 1.037511974573135376e-02
6.353202479658648372e-06 -1.005601021461188793e-03 -5.533357398235239089e-05 5.118096014484763145e-04 6.822291470598429441e-05 6.726291030645370483e-04 -5.809542926726862788e-05 -3.913784166797995567e-04 -4.327905189711600542e-04 2.199684735387563705e-03
-1.555706330691464245e-05 3.424744063522666693e-04 -2.712457207962870598e-04 -1.253266585990786552e-03 -8.285556104965507984e-04 -6.201958749443292618e-04 -3.359209222253412008e-04 -4.761019372381269932e-04 6.689081201329827309e-04 -3.824346465989947319e-03
-1.728700772218871862e-05 2.736230613663792610e-03 1.505617401562631130e-04 -1.392629346810281277e-03 -1.856338058132678270e-04 -1.830217661336064339e-03 1.580769603606313467e-04 1.064936397597193718e-03 1.177619094960391521e-03 -5.985321011394262314e-03
-2.063377723970916122e-05 4.319631261751055717e-04 -1.922953990288078785e-03 -2.056408906355500221e-03 -1.833501504734158516e-03 -2.184548182412981987e-03 -6.945893401280045509e-04 -9.080181480385363102e-04 3.691393940243870020e-04 -7.144080474972724915e-03
-1.033678472595056519e-05 1.636132365092635155e-03 9.002898877952247858e-05 -8.327242103405296803e-04 -1.110011144191958010e-04 -1.094380044378340244e-03 9.452241647522896528e-05 6.367792375385761261e-04 7.041578646749258041e-04 -3.578931093215942383e-03
-2.444750862196087837e-06 3.869610081892460585e-04 2.129242420778609812e-05 -1.969474542420357466e-04 -2.625286288093775511e-05 -2.588317729532718658e-04 2.235546708106994629e-05 1.506045518908649683e-04 1.665403251536190510e-04 -8.464517886750400066e-04
5.146990588400512934e-06 -5.947818281129002571e-04 -1.147739967564120889e-04 3.395779640413820744e-04 -1.816140575101599097e-04 3.865420585498213768e-04 4.576339779305271804e-05 -3.665984258987009525e-04 -3.506213834043592215e-04 7.965695112943649292e-04
-4.744441685033962131e-05 1.604649936780333519e-03 -5.842219688929617405e-04 -4.655592609196901321e-03 -5.037230439484119415e-03 -3.306024940684437752e-03 -3.198076738044619560e-04 -2.169125713407993317e-03 -1.994030084460973740e-03 -1.642679423093795776e-02
