2.115835286531364545e-06 8.220463496400043368e-05 7.631068001501262188e-05 8.950165647547692060e-05 7.582992111565545201e-05 7.120468944776803255e-05 5.330547719495370984e-05 5.872375186299905181e-05 4.659839032683521509e-05 4.744352554553188384e-05
3.065809869440272450e-05 -4.793325439095497131e-03 -2.542010042816400528e-04 2.432124223560094833e-03 3.350340411998331547e-04 3.167740069329738617e-03 -2.589065406937152147e-04 -1.848204876296222210e-03 -2.050792798399925232e-03 1.047922205179929733e-02
6.468391347880242392e-06 -1.011318294331431389e-03 -5.363247328205034137e-05 5.131411598995327950e-04 7.068712147884070873e-05 6.683451356366276741e-04 -5.462546323542483151e-05 -3.899430739693343639e-04 -4.326861235313117504e-04 2.210955834016203880e-03
-1.591444561199750751e-05 2.488187979906797409e-03 1.319536531809717417e-04 -1.262502162717282772e-03 -1.739133731462061405e-04 -1.644356874749064445e-03 1.343974145129323006e-04 9.593929280526936054e-04 1.064555021002888680e-03 -5.439704284071922302e-03
-1.758395046635996550e-05 2.749212086200714111e-03 1.457964535802602768e-04 -1.394944381900131702e-03 -1.921585644595324993e-04 -1.816856092773377895e-03 1.484960666857659817e-04 1.060037175193428993e-03 1.176232122816145420e-03 -6.010354962199926376e-03
-2.110654168063774705e-05 3.299961332231760025e-03 1.750041265040636063e-04 -1.674393541179597378e-03 -2.306532114744186401e-04 -2.180828945711255074e-03 1.782448816811665893e-04 1.272395602427423000e-03 1.411866978742182255e-03 -7.214410696178674698e-03
-1.049454840540420264e-05 1.640799804590642452e-03 8.701486513018608093e-05 -8.325381786562502384e-04 -1.146847935160622001e-04 -1.084347837604582310e-03 8.862653339747339487e-05 6.326572038233280182e-04 7.020054617896676064e-04 -3.587133483961224556e-03
-2.406476824035053141e-06 3.762474807444959879e-04 1.995318416447844356e-05 -1.909071288537234068e-04 -2.629805385367944837e-05 -2.486484881956130266e-04 2.032265547313727438e-05 1.450729905627667904e-04 1.609749742783606052e-04 -8.225557976402342319e-04
5.317961495165945962e-06 -8.314518490806221962e-04 -4.409364919411018491e-05 4.218765534460544586e-04 5.811460141558200121e-05 5.494772340171039104e-04 -4.491023355512879789e-05 -3.205901011824607849e-04 -3.557312593329697847e-04 1.817727927118539810e-03
-4.866218660026788712e-05 1.746505149640142918e-03 -4.895396996289491653e-04 -4.640927538275718689e-03 -5.018108990043401718e-03 -3.253924427554011345e-03 -2.914214855991303921e-04 -2.126288600265979767e-03 -1.996970269829034805e-03 -1.663319207727909088e-02
