2.162817963835550472e-06 8.234669076045975089e-05 7.631249172845855355e-05 8.954678196460008621e-05 7.567043212475255132e-05 7.129866571631282568e-05 5.322855577105656266e-05 5.879829404875636101e-05 4.665489177568815649e-05 4.739472205983474851e-05
3.156626553391106427e-05 -4.803976044058799744e-03 -2.007446746574714780e-04 2.474892651662230492e-03 3.897254646290093660e-04 3.202219028025865555e-03 -2.238424494862556458e-04 -1.816270872950553894e-03 -2.051633317023515701e-03 1.060198619961738586e-02
6.627356015087570995e-06 -1.008597319014370441e-03 -4.214680302538909018e-05 5.196049460209906101e-04 8.182279998436570168e-05 6.723068072460591793e-04 -4.699556302512064576e-05 -3.813260991591960192e-04 -4.307414055801928043e-04 2.225892618298530579e-03
-1.638298272155225277e-05 2.260057954117655754e-04 -5.479688988998532295e-04 -1.284476486034691334e-03 -1.115092774853110313e-03 -9.796497179195284843e-04 -4.080653015989810228e-04 -6.485438207164406776e-04 6.602329085581004620e-04 -4.105376545339822769e-03
-1.800073732738383114e-05 2.739483723416924477e-03 1.144788984674960375e-04 -1.411312492564320564e-03 -2.222425537183880806e-04 -1.826072810217738152e-03 1.276470720767974854e-04 1.035733264870941639e-03 1.169949653558433056e-03 -6.045808549970388412e-03
-2.172547647205647081e-05 3.985053917858749628e-04 -1.982216723263263702e-03 -2.099215053021907806e-03 -1.858562929555773735e-03 -2.203926444053649902e-03 -7.200030377134680748e-04 -9.469423675909638405e-04 3.466836351435631514e-04 -7.296815514564514160e-03
-1.072351369657553732e-05 1.631977735087275505e-03 6.819693953730165958e-05 -8.407557033933699131e-04 -1.323953183600679040e-04 -1.087840180844068527e-03 7.604238635394722223e-05 6.170134874992072582e-04 6.969693931750953197e-04 -3.601646050810813904e-03
-2.381850208621472120e-06 3.624868113547563553e-04 1.514779705757973716e-05 -1.867444079834967852e-04 -2.940702324849553406e-05 -2.416252827970311046e-04 1.689001874183304608e-05 1.370480313198640943e-04 1.548071741126477718e-04 -7.999787339940667152e-04
5.527936991711612791e-06 -8.412799215875566006e-04 -3.515544085530564189e-05 4.334073164500296116e-04 6.824892625445500016e-05 5.607782513834536076e-04 -3.919970549759455025e-05 -3.180676139891147614e-04 -3.592853900045156479e-04 1.856637769378721714e-03
-5.022695768275298178e-05 1.859491341747343540e-03 -4.347019421402364969e-04 -4.651372320950031281e-03 -5.042088218033313751e-03 -3.246932756155729294e-03 -2.815008920151740313e-04 -2.112678950652480125e-03 -2.006687922403216362e-03 -1.686944440007209778e-02
