-6.761032636859454215e-06 3.618588671088218689e-04 5.521849961951375008e-04 1.067383098416030407e-03 5.151646328158676624e-04 6.001514266245067120e-04 4.674147057812660933e-04 3.596359456423670053e-04 1.624370925128459930e-04 1.016943482682108879e-03
-1.158864761237055063e-04 6.202372722327709198e-03 9.464619681239128113e-03 1.829529181122779846e-02 8.830085396766662598e-03 1.028678007423877716e-02 8.011640049517154694e-03 6.164271850138902664e-03 2.784223528578877449e-03 1.743074506521224976e-02
-2.156432492483872920e-05 1.154147088527679443e-03 1.761192223057150841e-03 3.404416143894195557e-03 1.643116702325642109e-03 1.914180815219879150e-03 1.490818453021347523e-03 1.147057861089706421e-03 5.180927691981196404e-04 3.243539715185761452e-03
5.989263445371761918e-05 -5.171792116016149521e-03 -4.865835886448621750e-03 -9.455403313040733337e-03 -4.586840514093637466e-03 -4.086618777364492416e-03 -4.471356980502605438e-03 -4.219994414597749710e-03 -2.170515945181250572e-03 -7.320973090827465057e-03
5.810569564346224070e-05 -3.109880723059177399e-03 -4.745579324662685394e-03 -9.173295460641384125e-03 -4.427420441061258316e-03 -5.157813895493745804e-03 -4.017051309347152710e-03 -3.090777434408664703e-03 -1.396015170030295849e-03 -8.739808574318885803e-03
-8.936987433116883039e-05 -1.361230574548244476e-02 -1.196700707077980042e-02 -1.358551159501075745e-02 -8.951519615948200226e-03 -6.902793888002634048e-03 -7.430279161781072617e-03 -1.012104842811822891e-02 -5.558870267122983932e-03 -1.169664133340120316e-02
3.358459071023389697e-05 -1.797484699636697769e-03 -2.742903772741556168e-03 -5.302085075527429581e-03 -2.559011336416006088e-03 -2.981171477586030960e-03 -2.321820706129074097e-03 -1.786442706361413002e-03 -8.068847237154841423e-04 -5.051533691585063934e-03
1.624675633138394915e-06 -8.695430733496323228e-05 -1.326895580859854817e-04 -2.564915048424154520e-04 -1.237936376128345728e-04 -1.442158827558159828e-04 -1.123194379033520818e-04 -8.642019383842125535e-05 -3.903351171175017953e-05 -2.443709527142345905e-04
-2.409012995485682040e-05 1.884219702333211899e-03 2.681099809706211090e-03 3.319112118333578110e-03 2.036756603047251701e-03 3.091599093750119209e-03 1.767183188349008560e-03 1.446826965548098087e-03 5.787755944766104221e-04 1.976883271709084511e-03
-2.247788215754553676e-04 -1.081596687436103821e-02 -8.043878711760044098e-03 -2.671198546886444092e-02 -1.501333527266979218e-02 -7.946999743580818176e-03 -1.058093924075365067e-02 -1.156470179557800293e-02 -1.158452779054641724e-02 -2.941882982850074768e-02
