-3.214496700820745900e-06 -3.141932538710534573e-04 -1.985178532777354121e-04 -6.370001938194036484e-05 -9.685433178674429655e-05 -5.259371391730383039e-06 -7.795658893883228302e-05 -1.991848403122276068e-04 -1.257521944353356957e-04 0.000000000000000000e+00
-5.489440445671789348e-05 8.059765212237834930e-03 1.597303338348865509e-02 1.709681563079357147e-02 1.088469102978706360e-02 2.214908227324485779e-02 8.970224298536777496e-03 7.004217244684696198e-03 -2.490838058292865753e-03 2.034275606274604797e-02
-1.016076475934823975e-05 1.491834176704287529e-03 2.956552896648645401e-03 3.164561465382575989e-03 2.014718484133481979e-03 4.099717363715171814e-03 1.660357695072889328e-03 1.296456553973257542e-03 -4.610455362126231194e-04 3.765373723581433296e-03
2.840354500222019851e-05 -8.405728265643119812e-03 -1.097123697400093079e-02 -8.846259675920009613e-03 -7.845840416848659515e-03 -1.281454227864742279e-02 -5.594335496425628662e-03 -6.566393654793500900e-03 7.719650166109204292e-04 -8.445274084806442261e-03
2.770380524452775717e-05 -4.067557398229837418e-03 -8.061181753873825073e-03 -8.628327399492263794e-03 -5.493224598467350006e-03 -1.117807440459728241e-02 -4.527042619884014130e-03 -3.534849733114242554e-03 1.257062423974275589e-03 -1.026646979153156281e-02
3.698694126796908677e-05 -5.430535413324832916e-03 -1.076236646622419357e-02 -1.151955220848321915e-02 -7.333926390856504440e-03 -1.492368150502443314e-02 -6.043989211320877075e-03 -4.719326272606849670e-03 1.678285654634237289e-03 -1.370661333203315735e-02
1.598254857526626438e-05 -2.346607157960534096e-03 -4.650560673326253891e-03 -4.977751523256301880e-03 -3.169085830450057983e-03 -6.448721047490835190e-03 -2.611687639728188515e-03 -2.039283746853470802e-03 7.252093637362122536e-04 -5.922808311879634857e-03
8.915457101466017775e-07 -1.308994542341679335e-04 -2.594195830170065165e-04 -2.776711189653724432e-04 -1.767793874023482203e-04 -3.597253526095300913e-04 -1.456863101338967681e-04 -1.137561921495944262e-04 4.045396053697913885e-05 -3.303887206129729748e-04
-1.138082370744086802e-05 1.670967321842908859e-03 3.311562817543745041e-03 3.544547595083713531e-03 2.256637206301093102e-03 4.591992590576410294e-03 1.859725452959537506e-03 1.452129567041993141e-03 -5.164056783542037010e-04 4.217502661049365997e-03
9.266268170904368162e-05 -1.360501535236835480e-02 -2.696275338530540466e-02 -2.885971218347549438e-02 -1.837354525923728943e-02 -3.738801553845405579e-02 -1.514189131557941437e-02 -1.182323694229125977e-02 4.204577766358852386e-03 -3.433891385793685913e-02
