-7.956497938721440732e-06 -9.594162111170589924e-04 -9.837589459493756294e-04 -4.023023357149213552e-04 -9.775070939213037491e-04 -1.106183393858373165e-03 -3.904313489329069853e-04 -7.727004704065620899e-04 -1.729802606860175729e-04 -3.424606256885454059e-05
-1.358290464850142598e-04 -1.637864485383033752e-02 -1.679421216249465942e-02 -6.867892108857631683e-03 -1.668749004602432251e-02 -1.888418197631835938e-02 -6.665237247943878174e-03 -1.319113280624151230e-02 -2.953025978058576584e-03 -5.846309941262006760e-04
-2.494689033483155072e-05 -3.008165629580616951e-03 -3.084490075707435608e-03 -1.261383527889847755e-03 -3.064888995140790939e-03 -3.468341892585158348e-03 -1.224163337610661983e-03 -2.422734862193465233e-03 -5.423642578534781933e-04 -1.073755847755819559e-04
7.061497308313846588e-05 8.514951914548873901e-03 8.730995468795299530e-03 3.570488188415765762e-03 8.675511926412582397e-03 9.817531332373619080e-03 3.465131390839815140e-03 6.857823114842176437e-03 1.535222982056438923e-03 3.039384027943015099e-04
6.873873644508421421e-05 8.288710378110408783e-03 8.499015122652053833e-03 3.475620876997709274e-03 8.445004932582378387e-03 9.556681849062442780e-03 3.373064100742340088e-03 6.675611715763807297e-03 1.494432101026177406e-03 2.958631375804543495e-04
9.190645505441352725e-05 1.108234003186225891e-02 1.136352494359016418e-02 4.647045396268367767e-03 1.129131205379962921e-02 1.277766749262809753e-02 4.509922116994857788e-03 8.925561793148517609e-03 1.998116029426455498e-03 3.955806605517864227e-04
3.969244426116347313e-05 4.786226898431777954e-03 4.907665308564901352e-03 2.006959635764360428e-03 4.876477178186178207e-03 5.518403369933366776e-03 1.947739510796964169e-03 3.854760434478521347e-03 8.629439398646354675e-04 1.708429772406816483e-04
2.268350272061070427e-06 2.735241432674229145e-04 2.804641262628138065e-04 1.146940994658507407e-04 2.786818658933043480e-04 3.153667494188994169e-04 1.113097750931046903e-04 2.202925388701260090e-04 4.931565854349173605e-05 9.763363777892664075e-06
-2.822292663040570915e-05 -6.845195312052965164e-04 -2.336950274184346199e-06 -2.598949358798563480e-04 -4.480115021578967571e-04 1.288376370212063193e-04 -1.409457909176126122e-04 -4.753118846565485001e-04 -6.135877338238060474e-04 5.639445153065025806e-04
2.298599574714899063e-04 2.771715819835662842e-02 2.842040918767452240e-02 1.162235252559185028e-02 2.823979966342449188e-02 3.195721283555030823e-02 1.127940788865089417e-02 2.232301235198974609e-02 4.997329320758581161e-03 9.893551468849182129e-04
