-5.598574261966859922e-06 -4.285786999389529228e-04 -9.986002987716346979e-05 3.986157244071364403e-04 1.456162135582417250e-04 3.197590704075992107e-04 8.170728688128292561e-05 -1.458009792258962989e-04 -1.116719504352658987e-04 1.195835531689226627e-03
-9.552086703479290009e-05 -7.312261033803224564e-03 -1.703775022178888321e-03 6.801036186516284943e-03 2.484450815245509148e-03 5.455614067614078522e-03 1.394059392623603344e-03 -2.487599384039640427e-03 -1.905307755805552006e-03 2.040291577577590942e-02
-1.754023469402454793e-05 -1.342728501185774803e-03 -3.128600656054913998e-04 1.248855143785476685e-03 4.562134272418916225e-04 1.001799711957573891e-03 2.559872227720916271e-04 -4.567915457300841808e-04 -3.498661972116678953e-04 3.746530739590525627e-03
4.963042374583892524e-05 3.799278754740953445e-03 8.852422470226883888e-04 -3.533660201355814934e-03 -1.290864776819944382e-03 -2.834610175341367722e-03 -7.243202999234199524e-04 1.292500644922256470e-03 9.899536380544304848e-04 -1.060087978839874268e-02
4.835185609408654273e-05 3.701401874423027039e-03 8.624366018921136856e-04 -3.442627144977450371e-03 -1.257607364095747471e-03 -2.761585637927055359e-03 -7.056604372337460518e-04 1.259202952496707439e-03 9.644504170864820480e-04 -1.032778155058622360e-02
6.462768214987590909e-05 4.947339184582233429e-03 1.152744633145630360e-03 -4.601457156240940094e-03 -1.680935383774340153e-03 -3.691170830279588699e-03 -9.431951330043375492e-04 1.683067646808922291e-03 1.289095962420105934e-03 -1.380424015223979950e-02
2.792065424728207290e-05 2.137364121153950691e-03 4.980136873200535774e-04 -1.987935742363333702e-03 -7.262024446390569210e-04 -1.594670116901397705e-03 -4.074819153174757957e-04 7.271245121955871582e-04 5.569194327108561993e-04 -5.963751114904880524e-03
1.620516513867187314e-06 1.240528072230517864e-04 2.890472569561097771e-05 -1.153799385065212846e-04 -4.214888758724555373e-05 -9.255479380954056978e-05 -2.365030013606883585e-05 4.220232949592173100e-05 3.232363087590783834e-05 -3.461365122348070145e-04
-1.984380469366442412e-05 -2.351490547880530357e-05 7.369467057287693024e-04 1.120629953220486641e-03 9.620223427191376686e-04 1.449640025384724140e-03 4.862515779677778482e-04 3.228399145882576704e-04 -3.958147135563194752e-04 1.809517503716051579e-03
1.615695073269307613e-04 1.236837450414896011e-02 2.881868975237011909e-03 -1.150366570800542831e-02 -4.202345386147499084e-03 -9.227935224771499634e-03 -2.357990248128771782e-03 4.207679070532321930e-03 3.222747240215539932e-03 -3.451066836714744568e-02
