-3.316169795652967878e-06 -6.062927423045039177e-04 8.765639358898624778e-05 -6.044060573913156986e-04 1.163575652753934264e-04 2.646552748046815395e-04 -3.423377347644418478e-04 -1.380413013976067305e-04 -1.991058088606223464e-04 6.767957238480448723e-04
-5.690107354894280434e-05 -1.040318980813026428e-02 1.504063955508172512e-03 -1.037081796675920486e-02 1.996541861444711685e-03 4.541137721389532089e-03 -5.874067544937133789e-03 -2.368610817939043045e-03 -3.416394349187612534e-03 1.161292009055614471e-02
-1.056285509548615664e-05 -1.931200036779046059e-03 2.792074810713529587e-04 -1.925190445035696030e-03 3.706288989633321762e-04 8.429949521087110043e-04 -1.090434845536947250e-03 -4.396981967147439718e-04 -6.342036649584770203e-04 2.155769150704145432e-03
2.952099384856410325e-05 5.397305823862552643e-03 -7.803280605003237724e-04 5.380509886890649796e-03 -1.035831170156598091e-03 -2.355996984988451004e-03 3.047539619728922844e-03 1.228865818120539188e-03 1.772468094713985920e-03 -6.024930160492658615e-03
2.851336830644868314e-05 5.213081836700439453e-03 -7.536923512816429138e-04 5.196859128773212433e-03 -1.000474323518574238e-03 -2.275581471621990204e-03 2.943519502878189087e-03 1.186921028420329094e-03 1.711969380266964436e-03 -5.819284357130527496e-03
0.000000000000000000e+00 5.076350178569555283e-03 -2.121232915669679642e-03 6.685305386781692505e-03 -1.919498085044324398e-03 -3.048684448003768921e-03 3.525695530697703362e-03 3.981198533438146114e-04 1.525885891169309616e-03 -7.796318270266056061e-03
1.651291495363693684e-05 2.303420333191752434e-03 -1.348758582025766373e-03 3.009651787579059601e-03 -1.517378259450197220e-03 -2.084755804389715195e-03 1.704677357338368893e-03 -3.202934749424457550e-05 9.914509719237685204e-04 -3.665497293695807457e-03
7.797263492648198735e-07 1.425569498678669333e-04 -2.061049235635437071e-05 1.421133201802149415e-04 -2.735897578531876206e-05 -6.222804950084537268e-05 8.049350435612723231e-05 3.245755215175449848e-05 4.681552309193648398e-05 -1.591340987943112850e-04
-1.183301810669945553e-05 -1.888797269202768803e-03 -1.128138392232358456e-03 -1.557480194605886936e-03 -1.034323475323617458e-03 -1.169851981103420258e-03 -8.836416527628898621e-04 -1.025262288749217987e-03 -7.104658870957791805e-04 5.460942047648131847e-04
0.000000000000000000e+00 1.468742080032825470e-02 -2.125836443156003952e-03 1.560779009014368057e-02 -5.268390290439128876e-03 -9.474483318626880646e-03 8.914900943636894226e-03 1.816247357055544853e-03 3.677487373352050781e-03 -1.963115297257900238e-02
