9.835692253545857966e-06 -1.480977167375385761e-03 -1.227860921062529087e-03 -8.520500850863754749e-04 -9.214836172759532928e-04 -1.073273713700473309e-03 -6.022343877702951431e-04 -8.973652729764580727e-04 -3.679298388306051493e-04 4.755096742883324623e-04
1.681106514297425747e-04 -2.531270869076251984e-02 -2.098647877573966980e-02 -1.456315629184246063e-02 -1.574989408254623413e-02 -1.834427565336227417e-02 -1.029333099722862244e-02 -1.533767115324735641e-02 -6.288616918027400970e-03 8.127363398671150208e-03
3.100574758718721569e-05 -4.668588750064373016e-03 -3.870673011988401413e-03 -2.685978543013334274e-03 -2.904857276007533073e-03 -3.383356146514415741e-03 -1.898466493003070354e-03 -2.828826196491718292e-03 -1.159850973635911942e-03 1.498983008787035942e-03
-8.735306619200855494e-05 1.315289735794067383e-02 1.090491749346256256e-02 7.567252963781356812e-03 8.183903992176055908e-03 9.531988762319087982e-03 5.348584149032831192e-03 7.969704456627368927e-03 3.267669351771473885e-03 -4.223111551254987717e-03
-8.477423398289829493e-05 1.276460289955139160e-02 1.058298349380493164e-02 7.343856617808341980e-03 7.942301221191883087e-03 9.250588715076446533e-03 5.190683063119649887e-03 7.734425365924835205e-03 3.171202261000871658e-03 -4.098438192158937454e-03
-1.134084304794669151e-04 1.707610115408897400e-02 1.415759231895208359e-02 9.824389591813087463e-03 1.062497217208147049e-02 1.237515918910503387e-02 6.943940185010433197e-03 1.034687925130128860e-02 4.242337774485349655e-03 -5.482766777276992798e-03
-4.901899956166744232e-05 7.380873896181583405e-03 6.119395606219768524e-03 4.246436525136232376e-03 4.592475946992635727e-03 5.348965059965848923e-03 3.001408418640494347e-03 4.472275264561176300e-03 1.833683461882174015e-03 -2.369838999584317207e-03
-2.623456794026424177e-06 3.950183163397014141e-04 3.275050548836588860e-04 2.272658020956441760e-04 2.457855443935841322e-04 2.862722612917423248e-04 1.606328878551721573e-04 2.393524919170886278e-04 9.813723590923473239e-05 -1.268318592337891459e-04
3.492894757073372602e-05 -3.230732865631580353e-03 -2.323589753359556198e-03 -2.677557291463017464e-03 -1.679476466961205006e-03 -2.200536662712693214e-03 -1.673821127042174339e-03 -1.712950295768678188e-03 -1.306608435697853565e-03 8.474865462630987167e-04
-3.939557354897260666e-04 4.547611996531486511e-02 4.171327501535415649e-02 2.917784079909324646e-02 2.543840929865837097e-02 3.516482561826705933e-02 2.099108882248401642e-02 2.627084031701087952e-02 9.383336640894412994e-03 -1.374534331262111664e-02
