-6.015714461682364345e-06 -9.166065137833356857e-04 -4.652669886127114296e-04 3.776277590077370405e-04 -1.329390943283215165e-04 2.167504280805587769e-04 1.020368654280900955e-05 -4.401046608109027147e-04 -3.465334884822368622e-04 1.326538505963981152e-03
-1.030272542266175151e-04 -1.569811999797821045e-02 -7.968319579958915710e-03 6.467386148869991302e-03 -2.276754938066005707e-03 3.712151199579238892e-03 1.747545320540666580e-04 -7.537381723523139954e-03 -5.934852641075849533e-03 2.271876670420169830e-02
-1.908532431116327643e-05 -2.908004447817802429e-03 -1.476094592362642288e-03 1.198053359985351562e-03 -4.217585083097219467e-04 6.876583793200552464e-04 3.237220516894012690e-05 -1.396265346556901932e-03 -1.099404180422425270e-03 4.208545666188001633e-03
5.346953912521712482e-05 7.143429247662425041e-04 -3.066078294068574905e-03 -3.356471890583634377e-03 -5.112383514642715454e-03 -6.916239392012357712e-03 -1.162150641903281212e-03 -2.188154030591249466e-03 2.253713086247444153e-03 -1.195185724645853043e-02
5.178183710086159408e-05 7.889926433563232422e-03 4.004904069006443024e-03 -3.250529523938894272e-03 1.144305104389786720e-03 -1.865737955085933208e-03 -8.783157682046294212e-05 3.788314294070005417e-03 2.982877194881439209e-03 -1.141852606087923050e-02
6.928438961040228605e-05 1.055676396936178207e-02 5.358583759516477585e-03 -4.349227529019117355e-03 1.531086163595318794e-03 -2.496370580047369003e-03 -1.175194047391414642e-04 5.068784579634666443e-03 3.991105128079652786e-03 -1.527804974466562271e-02
2.995959766849409789e-05 4.564901813864707947e-03 2.317131031304597855e-03 -1.880669035017490387e-03 6.620646454393863678e-04 -1.079466775991022587e-03 -5.081685958430171013e-05 2.191817853599786758e-03 1.725813373923301697e-03 -6.606455892324447632e-03
1.509195612925395835e-06 2.299539919476956129e-04 1.167239897768013179e-04 -9.473750833421945572e-05 3.335105793667025864e-05 -5.437746585812419653e-05 -2.559873792051803321e-06 1.104113980545662344e-04 8.693673589732497931e-05 -3.327959566377103329e-04
-2.140155083907302469e-05 -2.994267037138342857e-03 -1.725600450299680233e-03 2.577189879957586527e-04 -1.273371744900941849e-03 -4.529638681560754776e-05 -2.951695933006703854e-04 -1.832214300520718098e-03 -1.232829643413424492e-03 1.933811814524233341e-03
0.000000000000000000e+00 5.550914444029331207e-03 -2.497462555766105652e-04 -1.177343539893627167e-02 -1.120733749121427536e-02 -1.091132313013076782e-02 -3.666458884254097939e-03 -4.129840526729822159e-03 5.196306155994534492e-04 -3.840749338269233704e-02
