7.238416856125695631e-06 1.438904582755640149e-04 1.278767886105924845e-04 1.476302277296781540e-04 1.184451321023516357e-04 1.212430215673521161e-04 8.509863982908427715e-05 1.006860184133984149e-04 8.053942292463034391e-05 7.069965067785233259e-05
1.236243842868134379e-04 3.146689850836992264e-03 1.185491215437650681e-02 -2.116879448294639587e-03 1.075334753841161728e-02 1.236551813781261444e-02 -3.001568838953971863e-04 6.221688352525234222e-03 -1.274427166208624840e-03 1.272496487945318222e-02
2.302363463968504220e-05 5.860357778146862984e-04 2.207844518125057220e-03 -3.942447365261614323e-04 2.002688823267817497e-03 2.302936976775527000e-03 -5.590077489614486694e-05 1.158718601800501347e-03 -2.373476017965003848e-04 2.369880210608243942e-03
-6.397204560926184058e-05 9.359301766380667686e-04 5.560595309361815453e-04 1.095424406230449677e-03 -4.625656874850392342e-04 4.861353663727641106e-04 6.800070987083017826e-04 -8.953385986387729645e-05 4.911342402920126915e-04 -4.077034071087837219e-03
-6.223549280548468232e-05 -1.584120211191475391e-03 -5.968051496893167496e-03 1.065687858499586582e-03 -5.413495004177093506e-03 -6.225101649761199951e-03 1.511060982011258602e-04 -3.132146550342440605e-03 6.415771786123514175e-04 -6.406053900718688965e-03
-8.311463898280635476e-05 -2.115571871399879456e-03 -7.970250211656093597e-03 1.423212117515504360e-03 -7.229647133499383926e-03 -8.313534781336784363e-03 2.018013037741184235e-04 -4.182939417660236359e-03 8.568174671381711960e-04 -8.555196225643157959e-03
-3.598561670514754951e-05 -9.159647743217647076e-04 -3.450830234214663506e-03 6.161987548694014549e-04 -3.130175173282623291e-03 -3.599458839744329453e-03 8.737194002605974674e-05 -1.811060821637511253e-03 3.709708107635378838e-04 -3.704088507220149040e-03
-1.929228574226726778e-06 -4.910584902972914279e-05 -1.850027329055592418e-04 3.303508856333792210e-05 -1.678120897850021720e-04 -1.929709251271560788e-04 4.684119630837813020e-06 -9.709289588499814272e-05 1.988814983633346856e-05 -1.985803100978955626e-04
2.560593566158786416e-05 -9.966396028175950050e-04 -6.841131835244596004e-04 -4.500526119954884052e-04 -5.515242810361087322e-04 -5.215302808210253716e-04 -2.726226230151951313e-04 -6.179414922371506691e-04 -2.639678714331239462e-04 1.107682939618825912e-03
-2.084541629301384091e-04 -2.067672088742256165e-03 -8.731495589017868042e-03 -3.815077245235443115e-03 -1.288088783621788025e-02 -1.298446021974086761e-02 -1.089610625058412552e-03 -7.183991372585296631e-03 -3.594791283831000328e-03 -2.145670168101787567e-02
