-6.411903541447827592e-06 1.835377770476043224e-05 3.638656344264745712e-04 7.382763433270156384e-04 4.171630716882646084e-04 5.698215099982917309e-04 2.975489187519997358e-04 1.551119639771059155e-04 -1.603208511369302869e-05 1.028985250741243362e-03
-1.096152991522103548e-04 3.137621097266674042e-04 6.220494396984577179e-03 1.262127142399549484e-02 7.131646387279033661e-03 9.741431102156639099e-03 5.086775869131088257e-03 2.651727292686700821e-03 -2.740770869422703981e-04 1.759111136198043823e-02
-2.028533708653412759e-05 5.806531407870352268e-05 1.151161501184105873e-03 2.335684606805443764e-03 1.319778151810169220e-03 1.802743878215551376e-03 9.413553634658455849e-04 4.907271941192448139e-04 -5.072058411315083504e-05 3.255399875342845917e-03
5.681634502252563834e-05 -4.789751954376697540e-03 -6.074866279959678650e-03 -6.541921291500329971e-03 -6.024433765560388565e-03 -5.281203426420688629e-03 -3.252007067203521729e-03 -4.653538577258586884e-03 -1.065767835825681686e-03 -9.117913432419300079e-03
5.519566184375435114e-05 -1.579916570335626602e-04 -3.132265293970704079e-03 -6.355313584208488464e-03 -3.591068089008331299e-03 -4.905198700726032257e-03 -2.561393426731228828e-03 -1.335248816758394241e-03 1.380089815938845277e-04 -8.857825770974159241e-03
7.383686170214787126e-05 -2.113506197929382324e-04 -4.190124105662107468e-03 -8.501688018441200256e-03 -4.803877323865890503e-03 -6.561829242855310440e-03 -3.426452167332172394e-03 -1.786202075891196728e-03 1.846188097260892391e-04 -1.184937078505754471e-02
3.190510688000358641e-05 -9.132520062848925591e-05 -1.810563961043953896e-03 -3.673603292554616928e-03 -2.075768308714032173e-03 -2.835384570062160492e-03 -1.480579376220703125e-03 -7.718227570876479149e-04 7.977410859894007444e-05 -5.120147019624710083e-03
1.681175717749283649e-06 -4.812180122826248407e-06 -9.540405153529718518e-05 -1.935731561388820410e-04 -1.093784376280382276e-04 -1.494048774475231767e-04 -7.801616447977721691e-05 -4.066964902449399233e-05 4.203535809210734442e-06 -2.697958261705935001e-04
-2.277140993101056665e-05 -1.442616921849548817e-04 8.593553211539983749e-04 2.129804342985153198e-03 7.481788052245974541e-04 1.912503503262996674e-03 9.712067549116909504e-04 1.755112316459417343e-05 -5.693667480954900384e-05 1.687144394963979721e-03
0.000000000000000000e+00 -1.230709720402956009e-03 -8.904733695089817047e-04 -1.791936531662940979e-02 -9.598284028470516205e-03 -3.938935697078704834e-03 -5.563830956816673279e-03 -4.960365593433380127e-03 -3.981188870966434479e-03 -2.971865050494670868e-02
