2.970807827296084724e-06 -2.329857961740344763e-04 2.565898466855287552e-05 1.202161511173471808e-04 -1.605198485776782036e-04 -1.035064851748757064e-04 -1.821745536290109158e-05 -9.242283704224973917e-05 -2.752453656285069883e-05 5.539460107684135437e-04
5.095024243928492069e-05 -3.995771519839763641e-03 4.400606267154216766e-04 2.061746083199977875e-03 -2.752960193902254105e-03 -1.775163924321532249e-03 -3.124332288280129433e-04 -1.585078076459467411e-03 -4.720528086181730032e-04 9.500341489911079407e-03
9.464211871090810746e-06 -7.422304479405283928e-04 8.174282265827059746e-05 3.829774213954806328e-04 -5.113733932375907898e-04 -3.297433722764253616e-04 -5.803567182738333941e-05 -2.944344596471637487e-04 -8.768571569817140698e-05 1.764726242981851101e-03
-2.643370316945947707e-05 -1.046782592311501503e-03 -2.163095166906714439e-03 -1.069663092494010925e-03 -1.821133773773908615e-04 7.219610270112752914e-04 -2.195452689193189144e-04 -1.398444059304893017e-03 -5.189248477108776569e-04 -4.928910639137029648e-03
-2.555569153628312051e-05 2.004205947741866112e-03 -2.207258949056267738e-04 -1.034133485518395901e-03 1.380832167342305183e-03 8.903895504772663116e-04 1.567106810398399830e-04 7.950455183163285255e-04 2.367728884564712644e-04 -4.765194375067949295e-03
-3.771935371332801878e-05 7.443802896887063980e-04 -1.418719650246202946e-03 -1.552982605062425137e-03 1.193096162751317024e-03 1.192548777908086777e-03 -1.754822442308068275e-04 -1.758623402565717697e-04 -4.176917718723416328e-04 -6.382295396178960800e-03
-1.479348611610475928e-05 1.160178799182176590e-03 -1.277720439247786999e-04 -5.986310425214469433e-04 7.993268663994967937e-04 5.154217360541224480e-04 9.071588283404707909e-05 4.602302506100386381e-04 1.370612735627219081e-04 -2.758439397439360619e-03
-7.065657428029226139e-07 5.541243444895371795e-05 -6.102640327299013734e-06 -2.859180312952958047e-05 3.817739707301370800e-05 2.461755320837255567e-05 4.332758180680684745e-06 2.198151014454197139e-05 6.546314580191392452e-06 -1.317484420724213123e-04
1.059734222508268431e-05 -9.580224286764860153e-06 5.637328722514212132e-04 8.407870191149413586e-04 -2.322531363461166620e-04 3.905505291186273098e-04 4.526558623183518648e-04 3.974541323259472847e-05 -9.818405669648200274e-05 1.375747378915548325e-03
-9.489832154940813780e-05 1.175845041871070862e-02 8.171150460839271545e-03 3.176368772983551025e-03 1.966557232663035393e-03 8.623074740171432495e-03 5.434913560748100281e-03 3.122102702036499977e-03 -1.851760316640138626e-03 -1.605724915862083435e-02
